[home_404.JPG]
moddate=fb0b8b5dd8e8cf01
width=5184
height=3456
text=3;144;20;You can't get theyuh;Garamond;0.036994,0.302564,0.061111,0.000000;v1,4278235837,4278190080,128.000000,1.000000,0.000000,1.000000,700,0,49152;;137;13;from heyuh...;Garamond;0.741498,0.864373,0.061111,0.000000;v1,4283199961,4278190080,128.000000,1.000000,0.000000,1.000000,700,0,49152;;148;19;Dude, it's the 404!;Eras Bold ITC;0.522200,0.077171,0.072222,0.000000;v1,4283199961,4278190080,128.000000,1.000000,0.000000,1.000000,400,0,49152;;
textactive=1
