[home_404.JPG]
moddate=fb0b8b5dd8e8cf01
width=5184
height=3456
text=3;144;20;You can't get theyuh;Garamond;0.036994,0.302564,0.061111,0.000000;v1,4278235837,4278190080,128.000000,1.000000,0.000000,1.000000,700,0,49152;;137;13;from heyuh...;Garamond;0.741498,0.864373,0.061111,0.000000;v1,4283199961,4278190080,128.000000,1.000000,0.000000,1.000000,700,0,49152;;148;19;Dude, it's the 404!;Eras Bold ITC;0.522200,0.077171,0.072222,0.000000;v1,4283199961,4278190080,128.000000,1.000000,0.000000,1.000000,400,0,49152;;
textactive=1
[home_404.1.jpg]
filters=crop64=1,1db4fffff5ec;Boost=1,9.941521;crop64=1,2509ffffd77a;Vignette=1,15.789473,1.400000,0.000000,00000000;
crop=rect64(2509ffffd77a)
rotate=rotate(0)
moddate=539c1d50e6e8cf01
width=5184
height=3456
text=1;157;33;You can't get theyuh from heyuh!!;Garamond;0.559779,0.360077,0.042231,0.000000;v1,4289790009,4294967295,128.000000,1.000000,0.000000,1.000000,400,0,49152;;
textactive=1
